chr8,66842779,66842791,0.0
chr7,141520216,141520229,0.0
chr2b,52702623,52702636,0.0
chr7,120050924,120050944,0.0
chr14,84810927,84810943,0.0
chr12,45334462,45334476,0.0
chr10,103773570,103773600,0.666666666667
chr5,14022493,14022506,0.0
chr14,20968983,20969003,0.5
chr4,137070936,137070949,0.0
chr5,44210650,44210679,0.0
chr8,68434409,68434422,0.0
chr8,15753136,15753157,0.0
chr4,187954007,187954025,0.0
chr2b,81101778,81101795,0.0
chr10,4601877,4601889,0.0
chr18,50648429,50648446,0.0
chr1,58171470,58171493,0.0
chr4,80048858,80048872,0.666666666667
chr9,127585557,127585578,0.0
chr5,22134541,22134565,0.0
chr5,100985588,100985609,0.0
chr5,35954708,35954720,0.0
chr3,11467538,11467552,0.0
chr12,101388431,101388456,0.0
chr3,74637522,74637539,0.0
chr2b,47239450,47239472,0.0
chr11,85720063,85720104,0.0
chr4,11915610,11915635,0.0
chr1,6750684,6750700,0.0
chr8,136729514,136729535,1.0
chr8,111821350,111821367,0.0
chr5,84043717,84043732,0.0
chr1,125861193,125861205,0.0
chr7,71298616,71298631,0.0
chr11,85800934,85800953,0.0
chr5,19843358,19843371,0.0
chr15,60829548,60829563,0.0
chr18,69525684,69525699,0.0
chr6,57232235,57232252,0.0
chr2a,51614977,51614995,0.0
chr2b,83791995,83792015,0.0
chr6,111094699,111094715,0.0
chr4,112401308,112401326,0.0
chr13,39768616,39768630,0.0
chr5,109886529,109886543,0.0
chr10,62799849,62799864,0.0
chr21,26370943,26370965,0.533333333333
chr4,147765524,147765542,0.0
chr7,79766447,79766468,0.0
chr4,34638190,34638220,0.0
chr1,9622905,9622921,0.333333333333
chr6,45560411,45560432,0.0
chr1,110806204,110806219,0.0
chr8,134790309,134790323,0.0
chr7,145169066,145169088,0.0
chr5,42710257,42710275,0.0
chr4,186776393,186776409,0.0
chr3,124964878,124964892,0.0
chr10,102195250,102195265,0.0
chr5,27604311,27604325,1.0
chr5,9643404,9643423,0.0
chr1,182238923,182238946,0.0
chr16,14070288,14070301,0.428571428571
chr16,48863246,48863260,0.5
chr6,1840412,1840430,0.0
chr5,167761421,167761440,0.0
chr21,29068614,29068630,0.0
chr2b,54846197,54846227,0.0
chr2b,89758064,89758098,1.0
chr11,26004440,26004468,0.0
chr13,24025609,24025626,0.666666666667
chr6,97364054,97364067,0.0
chr11,17072945,17072962,1.0
chr8,30891807,30891837,0.0
chr3,199329901,199329916,0.0
chr1,148026921,148026943,0.0
chr18,79542200,79542225,0.0
chr7,139796358,139796383,0.0
chr13,57284948,57284967,0.666666666667
chr7,103635422,103635455,0.0
chr15,80263248,80263265,0.0
chr13,37066035,37066052,0.0
chr4,26645037,26645063,0.0
chr13,68654622,68654647,0.0
chr7,104622894,104622913,0.0
chr18,84054489,84054502,0.0
chr4,162783274,162783292,0.5
chr3,43840417,43840438,0.0
chr2b,101407702,101407725,0.0
chr6,46419604,46419624,0.0
chr11,87485232,87485247,0.0
chr13,57446101,57446119,0.0
chr1,146908989,146909019,0.0
chr4,195253432,195253448,0.0
chr2a,56657611,56657625,0.0
chr3,154719430,154719443,0.0
chr12,16534402,16534416,0.0
chr6,139228139,139228176,0.333333333333
chr6,69652650,69652666,0.0
chr10,113746,113760,0.0
chr2b,72369248,72369261,0.0
chr3,15640937,15640953,0.0
chr18,55382904,55382920,0.0
chr8,91655447,91655460,0.0
chr7,22044049,22044067,0.0
chr6,118945083,118945099,0.733333333333
chr3,109395343,109395361,0.833333333333
chr3,141379019,141379043,0.0
chr2a,31299805,31299830,0.0
chr12,87661401,87661414,0.0
chr20,15117652,15117676,1.0
chr10,36076585,36076607,0.0
chr13,78879167,78879180,0.0
chr6,137465776,137465797,0.0
chr4,189936210,189936223,0.0
chr7,105818030,105818050,0.0
chr2b,103662528,103662550,0.0
chr16,59589346,59589363,0.0
chr6,15136127,15136139,0.0
chr9,80128744,80128763,0.0
chr12,44247391,44247413,0.0
chr8,14907800,14907812,0.666666666667
chr8,53264640,53264656,0.0
chr3,156964654,156964667,0.0
chr10,72877226,72877240,0.0
chr13,62944424,62944447,0.0
chr3,166518785,166518811,0.0
chr1,65078230,65078266,0.0
chr5,21151503,21151516,0.0
chr7,20029155,20029174,0.533333333333
chr9,31744494,31744512,0.0
chr10,78174037,78174052,0.0
chr5,66142998,66143011,0.0
chr2a,21035784,21035797,0.428571428571
chr18,84994637,84994652,0.0
chr7,149939994,149940021,0.0
chr11,46457306,46457323,0.0
chr8,19504995,19505022,0.0
chr16,50699785,50699803,1.0
chr8,61224688,61224700,0.0
chr7,118995290,118995305,0.0
chr1,64560177,64560204,0.0
chr3,48629114,48629130,0.0
chr12,79277384,79277405,0.428571428571
chr13,94829772,94829791,0.0
chr11,102150216,102150240,0.0
chr20,62577627,62577641,0.666666666667
chr15,63020879,63020894,0.0
chr12,73812988,73813013,0.0
chr4,152926647,152926668,0.0
chr10,111235292,111235311,0.0
chr7,144254997,144255035,0.0
chr16,50730913,50730925,0.0
chr6,159613561,159613596,0.0
chr3,155661984,155662001,0.0
chr2a,61778321,61778337,0.0
chr2b,7882168,7882185,0.0
chr20,3037046,3037072,0.6
chr15,18659556,18659571,0.0
chr6,140621043,140621063,0.0
chr1,16177092,16177108,0.0
chr10,89731844,89731868,0.0
chr5,126866417,126866438,0.666666666667
chr4,82917051,82917066,0.0
chr4,50126791,50126811,0.0
chr5,168949646,168949661,0.0
chr14,41873688,41873706,0.533333333333
chr8,98909367,98909395,0.666666666667
chr2b,34491460,34491476,0.0
chr4,34638614,34638626,0.0
chr1,76022918,76022936,0.0
chr10,119236723,119236743,0.5
chr1,87085425,87085453,0.0
chr9,32696338,32696353,0.0
chr11,95710894,95710913,0.0
chr1,143217408,143217421,0.0
chr13,18034276,18034298,0.733333333333
chr2a,82292069,82292087,0.533333333333
chr7,103859220,103859236,0.0
chr5,125204330,125204343,0.0
chr12,110444639,110444661,0.0
chr1,213851097,213851110,0.0
chr5,80217604,80217620,0.333333333333
chr11,113223540,113223566,0.0
chr1,201049955,201049969,0.0
chr1,67598329,67598345,0.666666666667
chr5,110650657,110650685,0.0
chr10,11067879,11067900,0.0
chr12,40164181,40164197,1.0
chr7,90099151,90099166,0.666666666667
chr18,66630076,66630091,0.5
chr8,32801937,32801953,0.666666666667
chr11,41451563,41451582,0.0
chr3,115492809,115492825,0.0
chr20,1562929,1562953,0.733333333333
chr13,37115280,37115299,0.0
chr16,33640027,33640047,0.0
chr5,13644783,13644818,1.0
chr9,75687634,75687648,0.0
chr2b,89913543,89913558,0.0
chr2a,78371994,78372012,0.0
chr10,10135828,10135841,0.0
chr5,166886696,166886719,0.0
chr11,67472360,67472377,0.0
chr18,41199534,41199557,0.0
chr8,33167139,33167153,0.0
chr7,30816703,30816728,0.0
chr4,36013656,36013675,0.0
chr22,13587027,13587053,0.533333333333
chr21,21454038,21454059,0.0
chr3,86079461,86079483,0.0
chr1,21093727,21093742,0.666666666667
chr14,108129555,108129569,0.0
chr4,29127348,29127366,0.0
chr2a,31700579,31700598,0.333333333333
chr17,16082229,16082245,0.0
chr4,158708297,158708313,0.0
chr3,48247191,48247205,0.333333333333
chr3,46782922,46782937,0.0
chr3,160342380,160342402,0.0
chr1,55435766,55435785,0.0
chr8,73039505,73039520,0.0
chr7,55924605,55924630,1.0
chr1,51474966,51474983,0.0
chr4,152428852,152428874,0.0
chr19,7479076,7479100,0.0
chr7,64287321,64287333,0.0
chr6,164728802,164728816,1.0
chr8,121504211,121504223,0.0
chr7,112091994,112092016,0.0
chr7,118163386,118163401,0.428571428571
chr1,54651402,54651414,0.0
chr13,86866249,86866269,0.533333333333
chr6,84013480,84013526,0.0
chr17,27082743,27082760,0.0
chr13,108166814,108166835,0.0
chr13,107361401,107361417,0.666666666667
chr2a,99091867,99091898,0.0
chr15,91272811,91272828,0.0
chr18,86509749,86509769,0.5
chr20,26552387,26552403,0.0
chr7,107128877,107128905,0.0
chr14,27183488,27183508,0.0
chr10,14675503,14675519,0.0
chr5,55966491,55966507,0.533333333333
chr19,7406368,7406388,0.0
chr8,68011525,68011550,0.0
chr11,87370357,87370371,0.666666666667
chr3,69604859,69604882,0.0
chr8,120914041,120914067,0.0
chr12,117284144,117284159,0.0
chr13,59039684,59039700,0.0
chr22,31725187,31725205,0.0
chr14,36028473,36028488,0.0
chr7,128738983,128739000,0.0
chr4,188155072,188155091,0.0
chr18,56979229,56979255,1.0
chr5,4846039,4846064,0.0
chr11,30183642,30183658,0.0
chr3,11061300,11061320,0.0
chr5,11212222,11212241,0.0
chr9,115832192,115832213,0.0
chr10,76701931,76701950,0.0
chr8,132155690,132155713,0.0
chr18,51814176,51814194,0.0
chr12,85436355,85436385,0.0
chr2b,53313235,53313258,0.0
chr18,79970397,79970410,0.0
chr15,76703300,76703318,0.0
chr6,105269939,105269958,0.0
chr2a,29553551,29553564,0.0
chr10,66421012,66421044,0.0
chr5,86794079,86794095,0.0
chr9,54087770,54087788,0.0
chr9,97756456,97756468,0.0
chr20,57332616,57332628,0.0
chr3,47783654,47783671,0.0
chr4,65677799,65677816,0.0
chr5,30903222,30903238,0.0
chr3,186126343,186126362,0.0
chr10,68975738,68975759,0.5
chr10,117497547,117497569,0.0
chr6,105307158,105307172,0.0
chr1,75304557,75304587,1.0
chr11,101300659,101300675,0.533333333333
chr4,89771743,89771757,0.0
chr8,52818036,52818058,0.0
chr2a,82836446,82836458,0.0
chr4,83533012,83533031,0.0
chr1,77037824,77037836,0.0
chr2b,59695807,59695821,0.5
chr1,63733550,63733567,0.0
chr8,112124931,112124950,0.571428571429
chr7,63843226,63843244,0.666666666667
chr15,52518356,52518369,0.0
chr4,110005387,110005402,0.355555555556
chr4,53815186,53815202,0.0
chr1,102368725,102368751,0.0
chr3,26791882,26791903,0.0
chr6,2092329,2092346,0.0
chr20,1299404,1299419,0.0
chr13,51976747,51976764,0.0
chr5,89891768,89891786,0.0
chr12,67339548,67339563,0.0
chr11,48883238,48883258,0.533333333333
chr14,43363792,43363804,0.533333333333
chr10,69709811,69709826,0.666666666667
chr20,28264028,28264042,0.622222222222
chr11,46489360,46489373,0.0
chr2b,78108480,78108500,0.0
chr12,62211637,62211654,0.533333333333
chr2a,103728870,103728883,0.0
chr18,64281698,64281725,0.5
chr14,49247980,49247997,0.0
chr11,47070064,47070077,0.0
chr10,53341823,53341838,0.533333333333
chr2b,113538535,113538552,0.0
chr4,73817943,73817961,0.428571428571
chr7,143330312,143330330,0.0
chr2b,76880270,76880288,0.0
chr5,31191167,31191189,1.0
chr1,129860899,129860915,0.0
chr14,59790813,59790833,0.666666666667
chr12,123069406,123069427,0.666666666667
chr9,50796598,50796629,0.333333333333
chr9,102192791,102192811,0.0
chr6,117267967,117267986,0.0
chr5,26559351,26559383,0.6
chr9,36188026,36188046,0.0
chr4,98124879,98124905,0.5
chr8,3073032,3073055,0.0
chr7,75850086,75850105,0.0
chr20,51622624,51622655,0.5
chr16,43290198,43290212,0.0
chr2b,63054296,63054317,0.0
chr2a,14365660,14365680,0.0
chr3,21062230,21062257,0.0
chr3,37087822,37087843,0.0
chr9,37924640,37924653,0.0
chr1,148723415,148723431,0.0
chr12,70797307,70797325,0.0
chr12,81633389,81633401,0.0
chr6,68414425,68414449,0.0
chr5,85614783,85614805,0.0
chr13,67647295,67647311,0.0
chr5,118693870,118693888,0.0
chr7,49161467,49161491,0.0
chr6,170525162,170525176,0.0
chr3,52653690,52653709,0.0
chr5,37979797,37979817,0.0
chr7,143725641,143725653,0.428571428571
chr9,76908813,76908840,0.0
chr19,22510209,22510222,0.0
chr7,98805966,98805981,0.0
chr6,116422847,116422862,0.533333333333
chr11,64498926,64498942,0.0
chr12,30423212,30423226,0.533333333333
chr10,101870210,101870226,0.0
chr7,86648663,86648684,0.0
chr1,53824450,53824473,1.0
chr6,93496302,93496317,0.0
chr4,50831486,50831498,0.0
chr12,53620339,53620358,0.0
chr7,111454287,111454300,0.5
chr20,4274109,4274127,0.333333333333
chr13,48501391,48501406,0.0
chr12,76986769,76986783,0.0
chr16,73229906,73229920,0.533333333333
chr12,31412221,31412241,0.0
chr2a,91189102,91189129,0.0
chr6,85452675,85452689,0.0
chr8,89863439,89863455,0.0
chr13,37065035,37065059,0.0
chr7,61779314,61779334,0.666666666667
chr14,80976153,80976166,0.0
chr2a,35555257,35555270,0.0
chr7,33963495,33963509,0.0
chr3,73982079,73982095,0.0
chr1,68259754,68259767,0.0
chr12,61647239,61647263,0.0
chr13,42099321,42099348,0.0
chr16,40460832,40460844,0.0
chr18,42244209,42244228,0.0
chr2a,90123892,90123907,0.0
chr16,51570815,51570830,0.25
chr8,129713991,129714003,0.0
chr6,79309246,79309259,0.0
chr7,115491339,115491355,0.0
chr6,99957999,99958017,0.0
chr10,69205497,69205512,0.0
chr7,115020041,115020055,1.0
chr21,15889347,15889364,0.0
chr17,54562646,54562658,0.0
chr5,53758641,53758654,0.0
chr9,23186290,23186312,0.0
chr5,19996522,19996546,0.0
chr3,125169500,125169526,0.0
chr3,24781650,24781677,0.0
chr8,78388691,78388710,0.0
chr14,56272419,56272437,0.0
chr3,42471979,42472008,0.0
chr1,8142438,8142453,0.0
chr5,86881374,86881395,0.0
chr10,119222758,119222778,0.0
chr13,103491273,103491289,0.0
chr22,27028450,27028466,0.0
chr16,52708639,52708654,0.0
chr9,32565370,32565395,0.0
chr8,88480555,88480584,0.0
chr9,64855634,64855657,0.0
chr12,90066417,90066431,0.0
chr6,105398694,105398714,0.0
chr5,79029726,79029740,0.0
chr10,105767837,105767850,0.533333333333
chr1,209211646,209211670,0.0
chr2b,71835356,71835370,0.0
chr21,18135958,18135981,0.0
chr5,23836461,23836475,0.0
chr12,92079277,92079290,0.533333333333
chr13,77757681,77757696,0.0
chr3,47844920,47844934,0.666666666667
chr12,94753506,94753519,0.0
chr2b,25952491,25952511,0.0
chr4,125428217,125428234,0.5
chr5,100969769,100969789,0.6
chr10,85225559,85225580,0.0
chr18,63573380,63573394,0.0
chr6,50504288,50504314,0.0
chr13,111709657,111709675,0.428571428571
chr1,131796075,131796090,0.0
chr6,44667184,44667210,0.0
chr6,114735209,114735224,0.0
chr14,47653759,47653779,0.0
chr2b,33780708,33780730,1.0
chr7,35613582,35613606,0.0
chr2b,21688190,21688206,0.0
chr5,24695319,24695339,0.0
chr15,64833520,64833533,0.0
chr18,25496531,25496551,0.533333333333
chr6,126080027,126080044,0.0
chr3,152221583,152221606,0.0
chr13,72858490,72858505,0.0
chr3,51967574,51967593,0.533333333333
chr12,133247105,133247121,0.0
chr12,40891790,40891808,1.0
chr13,39164997,39165019,0.0
chr2a,74887645,74887660,0.0
chr8,3822694,3822706,0.0
chr11,93372111,93372131,0.0
chr3,164934153,164934171,0.0
chr4,132414402,132414420,0.0
chr20,7271165,7271182,0.0
chr4,135319914,135319930,0.0
chr13,103723436,103723448,0.0
chr4,36291406,36291422,0.0
chr1,207924322,207924341,0.733333333333
chr9,107734887,107734910,0.666666666667
chr7,144197795,144197820,1.0
chr12,76104050,76104070,0.0
chr10,27895959,27895979,0.0
chr6,29168798,29168820,0.0
chr6,65054505,65054517,0.428571428571
chr2a,25643477,25643489,0.0
chr8,22750916,22750935,0.533333333333
chr14,46493682,46493700,0.0
chr17,25446914,25446926,0.0
chr6,73734262,73734288,0.0
chr4,122099959,122099977,0.0
chr2a,16845588,16845601,0.0
chr7,96682246,96682262,0.0
chr4,95549994,95550018,0.0
chr11,40867414,40867432,0.533333333333
chr8,57111183,57111207,0.0
chr7,92656142,92656162,0.0
chr17,28796069,28796096,0.0
chr2b,107801604,107801617,0.0
chr16,51676347,51676375,0.0
chr10,10753899,10753929,0.0
chr2b,111048183,111048199,0.0
chr2b,68279548,68279563,0.0
chr6,49913094,49913119,0.833333333333
chr5,130124886,130124902,0.666666666667
chr7,110652851,110652868,0.0
chr9,111331487,111331512,0.0
chr2a,99516854,99516875,0.333333333333
chr12,46360395,46360409,0.666666666667
chr6,50091184,50091206,0.0
chr2a,66916457,66916471,0.0
chr7,112103816,112103831,0.0
chr17,60606361,60606377,0.0
chr4,162454239,162454262,0.0
chr12,97744884,97744901,0.0
chr8,56186589,56186606,0.0
chr4,86404176,86404188,0.0
chr3,77166536,77166554,1.0
chr10,44859788,44859814,0.0
chr4,130218338,130218350,0.0
chr4,49458275,49458288,0.0
chr2a,18047590,18047604,0.0
chr6,166657557,166657571,0.0
chr13,22456629,22456646,0.0
chr16,30312774,30312808,0.0
chr8,20708698,20708715,0.333333333333
chr4,83391857,83391871,0.0
chr1,148575740,148575764,0.0
chr1,124760794,124760808,0.0
chr2b,112704518,112704549,0.0
chr2b,9710823,9710837,0.533333333333
chr2a,67060872,67060897,0.0
chr7,29787334,29787350,1.0
chr2a,98457410,98457428,1.0
chr2a,70734867,70734882,0.0
chr4,163267538,163267558,0.0
chr7,92316686,92316712,0.0
chr2a,62459072,62459090,0.0
chr18,68269325,68269351,0.6
chr9,28081004,28081033,0.0
chr21,20186171,20186190,0.0
chr13,42100172,42100184,0.0
chr7,29694972,29694986,0.0
chr3,183644181,183644193,0.0
chr2a,64786582,64786599,0.5
chr20,13879701,13879716,0.666666666667
chr2a,18692889,18692909,0.0
chr9,100272509,100272523,0.333333333333
chr8,50767331,50767344,0.533333333333
chr16,41011830,41011842,0.0
chr8,66027196,66027210,0.0
chr1,73719452,73719469,0.0
chr6,116328222,116328237,0.0
chr13,39830392,39830418,0.0
chr7,83606184,83606196,0.0
chr17,14930913,14930926,0.0
chr6,14273702,14273720,0.0
chr8,28863383,28863407,0.5
chr6,88211786,88211799,0.666666666667
chr9,87776579,87776601,0.0
chr10,55440103,55440135,0.0
chr20,14397699,14397716,0.0
chr13,63199882,63199902,0.0
chr2b,27357485,27357509,0.0
chr12,46397737,46397753,0.0
chr15,42946953,42946966,0.428571428571
chr2b,49508957,49508974,0.0
chr2b,18753805,18753821,0.666666666667
chr1,140390094,140390114,0.5
chr13,91385988,91386020,0.5
chr1,64427833,64427845,0.0
chr1,33172822,33172848,0.0
chr6,20858533,20858549,0.0
chr6,110429252,110429266,0.0
chr5,9918130,9918144,0.0
chr5,112002759,112002797,1.0
chr11,30111336,30111349,0.0
chr6,30374865,30374886,0.0
chr5,68692441,68692456,0.0
chr14,18732305,18732327,0.0
chr19,21534734,21534746,0.0
chr20,45544699,45544723,0.0
chr1,130997423,130997435,0.0
chr3,95413824,95413839,0.666666666667
chr5,88989174,88989186,0.0
chr7,73755514,73755530,0.8
chr9,52917048,52917072,0.0
chr7,63026696,63026718,0.0
chr8,79400236,79400248,1.0
chr6,69198177,69198192,0.0
chr6,123811130,123811143,0.0
chr1,217774498,217774513,0.0
chr11,45780142,45780156,0.0
chr13,111222808,111222834,1.0
chr13,85447991,85448013,0.0
chr2a,25087687,25087714,0.0
chr12,91558637,91558652,0.0
chr1,171433639,171433680,0.0
chr5,17424744,17424764,0.0
chr5,178700559,178700582,0.0
chr16,23749009,23749028,0.0
chr5,86478664,86478682,0.666666666667
chr18,53972132,53972146,0.0
chr13,83671274,83671297,0.0
chr3,91020948,91020961,0.0
chr12,50385089,50385102,0.0
chr1,54090006,54090023,0.333333333333
chr20,32857377,32857397,0.0
chr13,18566057,18566095,0.0
chr5,127627305,127627327,0.0
chr10,78487139,78487151,0.0
chr5,63946095,63946119,0.666666666667
chr5,38645411,38645433,0.0
chr5,164631906,164631922,0.0
chr13,79938723,79938745,0.0
chr16,48652845,48652872,0.0
chr3,79229201,79229213,0.0
chr18,89357644,89357670,0.0
chr1,39830910,39830922,0.0
chr4,60374546,60374565,0.0
chr3,22034470,22034490,0.0
chr2b,103448810,103448833,0.0
chr5,132125791,132125810,0.0
chr6,93581473,93581485,0.0
chr12,77967323,77967353,1.0
chr9,35218029,35218060,0.0
chr8,59711010,59711022,0.0
chr4,67470105,67470117,0.0
chr3,50603346,50603359,0.533333333333
chr13,36634930,36634952,0.0
chr2a,6588390,6588419,0.0
chr10,41481584,41481596,0.0
chr13,66267914,66267927,0.533333333333
chr3,47371811,47371823,0.0
chr2b,113543669,113543682,0.0
chr3,53841349,53841364,1.0
chr10,111636373,111636395,0.0
chr3,115082109,115082127,0.0
chr15,80628199,80628212,0.0
chr4,130977590,130977606,0.25
chr6,20056829,20056848,0.0
chr4,146724434,146724455,0.5
chr3,29516242,29516260,0.0
chr2b,21956345,21956362,0.0
chr16,15910046,15910068,0.533333333333
chr2b,107053729,107053741,0.0
chr3,23075858,23075880,0.0
chr16,16672678,16672693,0.355555555556
chr12,28376625,28376644,0.5
chr14,26443508,26443530,0.0
chr9,81670787,81670804,0.0
chr10,71579888,71579902,0.0
chr7,44373037,44373061,0.0
chr6,172911454,172911476,0.0
chr12,78002290,78002311,0.571428571429
chr5,28166726,28166747,0.0
chr6,29078553,29078567,0.0
chr13,23257403,23257416,0.0
chr10,76601383,76601400,0.0
chr6,21320128,21320156,0.0
chr18,27290998,27291022,0.0
chr2b,79974236,79974259,0.0
chr3,184861146,184861158,0.0
chr4,187032723,187032739,0.0
chr10,10017950,10017963,0.0
chr5,130586278,130586290,0.0
chr10,29788281,29788311,0.5
chr7,36559045,36559070,0.0
chr3,157559967,157559981,0.0
chr2b,10827373,10827391,0.333333333333
chr13,106346815,106346829,0.0
chr13,18609540,18609553,0.355555555556
chr19,22569238,22569260,0.0
chr10,85019316,85019343,0.0
chr10,85620176,85620219,0.0
chr4,147542366,147542391,0.0
chr18,19147977,19147994,0.0
chr6,24336441,24336465,0.0
chr4,35607264,35607277,0.0
chr9,21790985,21791006,0.0
chr13,50293281,50293293,0.0
chr14,89100669,89100698,0.0
chr2b,84343552,84343566,0.0
chr12,24792520,24792535,0.0
chr15,87256999,87257011,1.0
chr11,48867410,48867443,0.0
chr8,34883482,34883500,0.0
chr2b,17661784,17661799,0.0
chr13,55292108,55292121,0.0
chr1,184746113,184746125,0.0
chr5,61082831,61082853,0.0
chr14,61193638,61193658,0.0
chr5,24258847,24258859,0.0
chr2a,12895526,12895544,0.0
chr5,30755875,30755889,0.333333333333
chr2a,33727973,33727991,0.533333333333
chr1,34262816,34262831,0.533333333333
chr2b,83831278,83831291,0.0
chr4,39217813,39217830,0.0
chr12,75588914,75588934,0.533333333333
chr3,39292274,39292290,0.0
chr11,31310724,31310736,0.533333333333
chr3,184125286,184125301,0.0
chr6,107640475,107640488,0.0
chr4,88663206,88663222,0.666666666667
chr10,4818220,4818239,0.0
chr6,69345495,69345513,0.5
chr8,23759247,23759263,0.666666666667
chr18,80220336,80220352,0.0
chr10,37148000,37148015,0.666666666667
chr9,62821928,62821964,1.0
chr4,72623997,72624012,0.0
chr17,47867961,47867975,0.0
chr1,130451980,130451993,0.0
chr5,136780462,136780474,0.666666666667
chr5,171191893,171191920,0.428571428571
chr3,75521908,75521926,0.0
chr6,97472504,97472526,0.0
chr4,96963918,96963932,0.428571428571
chr7,81406415,81406429,0.0
chr15,31842465,31842485,0.0
chr4,40204059,40204071,0.0
chr11,43709765,43709779,0.0
chr9,54407846,54407860,0.0
chr2a,4075587,4075609,0.355555555556
chr3,129194834,129194859,0.0
chr6,23664289,23664302,0.0
chr10,81462359,81462372,0.0
chr7,42483745,42483761,0.0
chr16,26541900,26541919,0.0
chr5,131499968,131499988,0.0
chr4,162241023,162241037,0.0
chr13,75041141,75041158,0.0
chr10,110389302,110389315,0.533333333333
chr9,52571047,52571070,0.0
chr11,85004335,85004357,0.0
chr10,89519624,89519642,0.0
chr8,99467485,99467501,0.333333333333
chr5,100833147,100833162,0.0
chr8,83055878,83055892,0.0
chr15,33594983,33594998,0.0
chr11,99029141,99029163,0.0
chr5,16418824,16418844,0.0
chr5,93587262,93587274,0.0
chr13,51214635,51214654,0.0
chr6,159494435,159494470,0.0
chr8,43090361,43090380,0.0
chr12,82763503,82763536,0.0
chr15,40173793,40173818,0.0
chr1,159427202,159427216,0.355555555556
chr15,50297312,50297338,0.666666666667
chr13,89534934,89534956,0.0
chr7,87289030,87289048,0.0
chr8,101247173,101247189,0.0
chr3,110790576,110790596,0.0
chr7,144190524,144190546,1.0
chr3,63074655,63074676,0.0
chr2b,98654075,98654097,0.0
chr1,47586021,47586044,0.0
chr15,40176605,40176617,0.0
chr3,128554435,128554450,0.0
chr11,128967983,128967999,0.333333333333
chr3,194327465,194327483,0.0
chr3,48399528,48399541,0.0
chr2b,120137191,120137214,0.0
chr6,129058772,129058795,0.0
chr13,80723833,80723852,0.0
chr9,46371944,46371956,0.533333333333
chr3,167525081,167525096,0.0
chr3,67609696,67609718,1.0
chr9,104615268,104615290,0.0
chr12,85962894,85962914,0.0
chr10,87055683,87055699,0.0
chr10,81863135,81863150,0.0
chr9,59046038,59046055,0.0
chr3,170334796,170334822,0.0
chr5,27977139,27977158,0.666666666667
chr1,106064358,106064370,0.0
chr2b,9954503,9954521,0.0
chr15,81482355,81482384,0.0
chr11,60130782,60130794,0.5
chr7,117487813,117487843,0.0
chr3,112743313,112743330,0.0
chr17,29654023,29654036,0.0
chr17,60952931,60952944,0.666666666667
chr15,33629613,33629627,0.533333333333
chr6,157406877,157406903,0.0
chr18,40945118,40945136,0.0
chr4,164283368,164283383,0.2
chr6,138453937,138453953,0.666666666667
chr4,31640306,31640333,0.0
chr7,71920321,71920337,0.666666666667
chr15,91651909,91651923,0.0
chr5,130296814,130296835,0.0
chr13,95047815,95047828,0.0
chr4,183029887,183029908,1.0
chr6,122383286,122383315,1.0
chr16,57873569,57873587,0.0
chr13,65202517,65202530,0.533333333333
chr6,96060388,96060408,0.0
chr16,63903727,63903751,0.0
chr12,27868303,27868319,0.0
chr1,11548614,11548626,0.571428571429
chr17,60707882,60707896,0.0
chr4,176953540,176953559,0.5
chr4,198318720,198318742,0.0
chr12,75047834,75047848,0.666666666667
chr20,57766323,57766345,0.0
chr20,50108930,50108946,0.0
chr4,140770004,140770029,0.0
chr5,40915598,40915610,0.0
chr4,64101577,64101598,0.0
chr10,74410270,74410287,0.0
chr3,155159984,155159999,0.0
chr15,93875478,93875494,0.0
chr12,59922192,59922206,0.0
chr10,110706748,110706766,0.0
chr16,62797387,62797399,0.0
chr4,134707355,134707368,0.0
chr4,118652131,118652147,0.0
chr5,143036486,143036507,1.0
chr12,69954997,69955027,0.0
chr2a,53859249,53859269,1.0
chr11,93233774,93233791,0.0
chr9,90793945,90793967,0.0
chr5,64736068,64736080,0.0
chr13,70393545,70393560,0.0
chr6,26125704,26125718,0.0
chr4,41715086,41715103,0.0
chr18,65891323,65891341,0.0
chr3,84461117,84461138,0.0
chr4,23747439,23747462,0.533333333333
chr7,23973744,23973768,0.0
chr10,92317131,92317146,0.0
chr1,49488041,49488058,0.0
chr18,79126313,79126329,0.0
chr1,42580472,42580490,0.0
chr10,105097342,105097361,0.0
chr13,105583187,105583205,0.0
chr3,73279082,73279103,0.0
chr10,52356376,52356388,0.533333333333
chr2a,113006709,113006722,0.0
chr6,112794088,112794108,0.0
chr13,80534740,80534762,0.0
chr16,51927590,51927614,1.0
chr7,68968382,68968403,0.0
chr3,160772950,160772964,0.533333333333
chr2a,104424684,104424701,1.0
chr5,66894226,66894245,0.0
chr11,31323439,31323456,0.0
chr18,85550060,85550079,0.0
chr11,40302411,40302430,0.0
chr8,66130376,66130391,0.666666666667
chr15,48412966,48412983,0.666666666667
chr19,29786478,29786493,0.533333333333
chr13,112242843,112242857,0.666666666667
chr8,8770653,8770670,0.0
chr8,79140212,79140224,0.0
chr2b,4354659,4354677,0.0
chr18,26095691,26095718,0.0
chr7,90017004,90017032,0.5
chr6,13164006,13164021,0.0
chr1,130723633,130723647,0.0
chr7,18250597,18250610,0.0
chr3,155145288,155145308,0.0
chr8,136374997,136375009,0.0
chr8,98920452,98920470,0.0
chr2b,18263424,18263441,0.0
chr9,74980575,74980587,0.0
chr18,45928581,45928596,0.0
chr9,59520741,59520759,0.0
chr20,43556540,43556562,0.533333333333
chr2b,12002657,12002680,0.0
chr14,76278861,76278877,0.0
chr1,42183487,42183504,0.0
chr2b,102549932,102549952,0.0
chr13,95491123,95491145,0.0
chr11,57468668,57468690,0.0
chr2a,29037709,29037724,0.0
chr13,96876540,96876557,0.5
chr15,83139066,83139083,0.733333333333
chr8,130351863,130351877,0.0
chr6,80058863,80058882,1.0
chr6,27230091,27230105,0.0
chr11,88434090,88434114,0.0
chr5,152852125,152852138,0.0
chr1,40172647,40172661,0.0
chr10,64237919,64237936,0.0
chr11,71525770,71525784,0.0
chr11,46641872,46641888,0.0
chr4,10948008,10948020,0.0
chr11,94317371,94317383,0.0
chr1,133553344,133553358,0.533333333333
chr10,20726970,20726986,1.0
chr12,71009582,71009594,0.0
chr3,88740941,88740963,0.0
chr6,123002166,123002188,0.533333333333
chr4,131391659,131391687,0.666666666667
chr5,53703384,53703406,1.0
chr11,92644510,92644530,0.0
chr13,114901655,114901679,0.0
chr1,134866478,134866498,0.0
chr1,46750082,46750098,0.0
chr1,157768115,157768127,0.0
chr2b,64013729,64013742,0.0
chr6,173512916,173512929,0.533333333333
chr5,44604796,44604813,0.533333333333
chr7,91363953,91363969,0.0
chr7,126371645,126371660,0.0
chr1,153508953,153508971,0.533333333333
chr16,57618894,57618919,0.5
chr5,28834086,28834098,0.0
chr3,159495021,159495038,0.0
chr2b,35883786,35883799,1.0
chr11,28134608,28134629,0.0
chr10,88343082,88343100,0.0
chr5,164352680,164352693,0.533333333333
chr17,22485654,22485671,0.666666666667
chr7,70188986,70189007,0.0
chr21,46764191,46764204,0.0
chr3,141007309,141007326,0.0
chr4,87566225,87566242,0.0
chr13,38412192,38412210,0.0
chr6,118930983,118931009,0.666666666667
chr3,16852736,16852750,0.0
chr4,88412982,88412996,0.0
chr20,26789578,26789605,0.0
chr1,38591715,38591727,0.0
chr4,55704513,55704525,0.5
chr14,51672477,51672500,0.0
chr8,35122021,35122041,0.333333333333
chr1,124914074,124914095,0.0
chr9,33134573,33134594,0.0
chr2a,31551735,31551755,0.333333333333
chr3,81294682,81294696,0.0
chr1,56019715,56019732,0.0
chr4,154993440,154993462,0.0
chr8,70073246,70073269,0.0
chr11,28413323,28413342,0.0
chr2b,54670756,54670793,1.0
chr7,143631901,143631922,0.0
chr18,49345556,49345580,0.0
chr5,150464636,150464652,1.0
chr3,44057902,44057926,0.0
chr13,54786802,54786821,0.0
chr3,159060004,159060033,0.0
chr7,70168322,70168335,0.0
chr9,97766390,97766408,0.0
chr6,76834282,76834304,1.0
chr4,118238459,118238474,0.0
chr4,137991616,137991633,0.533333333333
chr1,156047764,156047779,1.0
chr11,98268939,98268959,0.666666666667
chr17,32754195,32754218,0.0
chr8,80692162,80692174,0.0
chr18,79220937,79220960,0.666666666667
chr7,129050719,129050739,0.0
chr7,56732124,56732138,0.533333333333
chr4,134061508,134061526,0.0
chr11,44853066,44853083,0.0
chr8,112072852,112072871,0.0
chr7,114101604,114101618,0.0
chr15,42826166,42826181,0.0
chr1,17720749,17720765,0.0
chr5,118691753,118691776,0.5
chr4,140369327,140369355,0.0
chr12,116935960,116935978,0.0
chr13,104754840,104754854,0.5
chr4,94910294,94910313,0.666666666667
chr6,127936326,127936338,0.0
chr12,4645050,4645062,0.0
chr6,108137328,108137350,0.0
chr1,83434291,83434303,0.0
chr3,141949393,141949421,0.0
chr4,122087269,122087281,0.0
chr14,43645709,43645725,0.0
chr11,107894355,107894367,0.0
chr10,9506758,9506773,0.0
chr3,29254368,29254383,0.0
chr9,114784674,114784696,0.5
chr2a,32184571,32184583,0.0
chr2a,52325500,52325518,0.333333333333
chr2b,77062322,77062336,0.0
chr5,108686901,108686921,0.0
chr4,35240974,35241001,0.0
chr11,60027892,60027906,0.0
chr15,62819121,62819141,0.0
chr8,86100210,86100222,0.0
chr5,171030307,171030330,0.666666666667
chr4,81219189,81219209,0.0
chr1,74177996,74178018,0.0
chr4,188158567,188158588,0.0
chr5,44117409,44117436,0.622222222222
chr4,72423329,72423345,0.0
chr6,80738923,80738936,1.0
chr20,10203743,10203762,0.666666666667
chr19,31175367,31175385,0.0
chr4,132259055,132259080,0.666666666667
chr1,127634421,127634436,0.0
chr9,31655777,31655791,0.0
chr3,142312919,142312935,0.0
chr6,21207049,21207065,0.0
chr3,49934682,49934710,0.666666666667
chr1,33130673,33130689,0.0
chr4,94553378,94553393,0.0
chr1,173408072,173408091,0.0
chr8,16224754,16224778,1.0
chr1,156340538,156340558,0.5
chr8,31692154,31692170,0.0
chr18,23037540,23037552,0.0
chr2b,55675041,55675059,0.0
chr3,49410365,49410383,0.0
chr12,128982951,128982965,0.0
chr2a,61949097,61949124,0.0
chr12,25127163,25127177,0.0
chr10,69511543,69511556,0.666666666667
chr2a,53067098,53067114,0.0
chr13,27609607,27609629,0.0
chr12,57863605,57863621,0.0
chr13,106932008,106932021,0.0
chr10,89998057,89998073,0.0
chr13,56541794,56541808,0.0
chr13,44538002,44538027,0.0
chr4,93294629,93294643,0.0
chr8,124123847,124123867,0.5
chr6,150120200,150120212,0.0
chr10,16284723,16284749,0.0
chr13,102013811,102013826,0.0
chr12,103343035,103343059,0.0
chr3,52226203,52226225,0.666666666667
chr12,41025605,41025628,0.0
chr20,53273905,53273918,0.533333333333
chr16,49283205,49283219,0.0
chr1,213745724,213745748,0.0
chr10,54332002,54332017,0.0
chr10,115015476,115015494,0.0
chr12,16743341,16743355,0.0
chr6,64579643,64579666,1.0
chr17,43072443,43072465,0.0
chr11,104332723,104332742,0.0
chr11,83764924,83764952,1.0
chr20,17374908,17374921,0.666666666667
chr10,103151166,103151183,0.0
chr11,43680292,43680314,0.333333333333
chr6,65428332,65428348,0.533333333333
chr13,75024083,75024099,0.0
chr2b,56118401,56118413,0.0
chr3,199708186,199708202,0.0
chr1,64703392,64703408,0.0
chr5,22580755,22580773,1.0
chr6,155563407,155563427,0.0
chr11,44993221,44993246,0.0
chr5,85511037,85511057,0.0
chr9,63550181,63550199,0.0
chr21,23480856,23480871,0.0
chr10,10291370,10291384,0.0
chr14,108621764,108621783,0.666666666667
chr1,33069464,33069486,0.0
chr13,105841811,105841825,0.0
chr8,89114291,89114310,1.0
chr1,147106620,147106641,0.0
chr9,33337543,33337555,0.0
chr5,75574932,75574948,0.333333333333
chr2b,26299629,26299648,0.0
chr12,72361233,72361258,0.0
chr13,85902754,85902777,0.0
chr4,163258691,163258711,0.0
chr2b,106155404,106155427,0.0
chr2b,37610106,37610125,1.0
chr8,16441161,16441183,0.0
chr4,147067865,147067889,1.0
chr3,81261124,81261138,0.0
chr12,91524019,91524035,0.0
chr3,29026151,29026180,0.0
chr7,97824046,97824065,0.0
chr12,82851034,82851052,0.0
chr8,62906023,62906043,0.428571428571
chr4,18961242,18961258,0.0
chr8,118468286,118468301,0.0
chr2b,35151313,35151332,0.0
chr7,87156563,87156583,0.0
chr18,41217785,41217810,1.0
chr2b,34209011,34209027,0.0
chr5,37163333,37163345,0.0
chr5,69197496,69197519,0.0
chr9,101142244,101142261,0.0
chr10,102196848,102196867,0.0
chr15,83356403,83356425,0.0
chr5,125686018,125686042,0.0
chr16,65839687,65839703,0.0
chr18,65988763,65988780,0.5
chr3,20564597,20564617,0.0
chr4,140674974,140674994,0.0
chr8,51252941,51252966,0.5
chr1,9163457,9163469,0.0
chr9,52274620,52274635,0.0
chr10,8285182,8285198,1.0
chr2a,76757963,76757979,0.0
chr1,196707908,196707939,0.0
chr11,86301889,86301907,0.5
chr1,52145656,52145676,0.0
chr1,186942439,186942463,0.0
chr2b,69730113,69730140,0.5
chr5,36495995,36496010,0.0
chr16,25718808,25718822,0.0
chr3,85319912,85319928,0.0
chr5,130910307,130910326,0.0
chr12,29447472,29447488,0.0
chr14,85969525,85969551,0.0
chr5,97565997,97566013,0.0
chr3,42652938,42652950,0.0
chr18,81092147,81092161,0.0
chr1,22826502,22826516,0.0
chr4,118358011,118358027,0.0
chr13,81967525,81967542,0.0
chr7,80600142,80600166,0.0
chr3,88368341,88368370,0.5
chr8,117075008,117075023,0.0
chr15,24736577,24736590,0.0
chr6,112373263,112373288,0.0
chr3,19337877,19337891,0.0
chr16,50366747,50366765,0.0
chr11,85771457,85771470,0.0
chr2b,101268606,101268629,0.333333333333
chr10,51400829,51400845,0.0
chr17,37269460,37269479,0.25
chr3,26694494,26694510,0.0
chr6,11579036,11579049,0.428571428571
chr13,58832544,58832560,0.0
chr7,3726331,3726348,0.0
chr3,30678578,30678598,0.0
chr4,193503138,193503154,0.0
chr9,72496619,72496636,0.0
chr13,61203354,61203371,0.0
chr12,78241690,78241703,0.0
chr1,158925530,158925547,1.0
chr5,104768703,104768718,0.428571428571
chr11,108421511,108421537,0.0
chr4,106177802,106177818,0.0
chr14,37108781,37108801,0.0
chr20,7292223,7292245,0.0
chr2a,93130947,93130961,0.0
chr3,120300594,120300611,0.666666666667
chr1,109491350,109491369,0.0
chr14,26627073,26627092,0.0
chr19,32069953,32069969,0.0
chr12,66112521,66112556,0.0
chr15,20484803,20484833,0.466666666667
chr13,103607474,103607492,0.0
chr4,95939511,95939528,0.0
chr6,67957694,67957708,0.666666666667
chr4,119935014,119935030,0.0
chr9,22361301,22361314,0.0
chr19,48659778,48659797,0.0
chr18,17425695,17425721,0.0
chr5,131489219,131489245,0.5
chr5,103047823,103047838,0.0
chr2a,59451146,59451158,0.0
chr11,77707274,77707292,0.0
chr6,149923730,149923745,0.0
chr3,34984930,34984946,0.0
chr4,30395361,30395375,0.0
chr2b,19713595,19713611,0.5
chr8,42554120,42554137,0.0
chr8,91386258,91386274,0.0
chr10,108186574,108186586,0.428571428571
chr4,184275889,184275902,0.0
chr3,168200755,168200775,0.0
chr7,131495224,131495250,0.0
chr18,46207231,46207245,0.0
chr4,155701671,155701685,0.0
chr20,51582168,51582189,0.0
chr2b,106324494,106324506,0.0
chr7,142977419,142977434,0.0
chr13,50901559,50901571,0.0
chr8,19489760,19489782,0.0
chr4,77257502,77257524,0.0
chr4,111119086,111119104,0.0
chr2b,32973457,32973472,0.333333333333
chr18,55974238,55974252,0.0
chr4,54473202,54473243,0.0
chr7,74487427,74487444,0.5
chr4,143656164,143656180,1.0
chr8,112201126,112201139,0.0
chr12,82747601,82747619,0.0
chr7,88357581,88357604,0.0
chr17,52852153,52852171,0.0
chr7,63511662,63511680,0.333333333333
chr4,85758734,85758746,0.666666666667
chr7,115874760,115874772,0.0
chr8,122692476,122692488,0.0
chr11,66629088,66629106,0.0
chr1,29159282,29159300,0.0
chr7,106543571,106543583,0.0
chr4,81402748,81402769,0.0
chr6,64161701,64161715,0.25
chr5,65181706,65181726,0.666666666667
chr2b,72422702,72422718,0.0
chr1,156358848,156358869,0.0
chr6,75141961,75141976,0.0
chr14,59201234,59201261,0.0
chr14,42150213,42150234,0.333333333333
chr14,94162106,94162129,0.0
chr9,36638011,36638029,0.0
chr6,54790249,54790264,0.0
chr18,67585419,67585443,0.0
chr14,27277215,27277241,0.0
chr18,57217122,57217140,0.0
chr10,130881197,130881211,0.0
chr12,84332989,84333016,0.0
chr11,49495670,49495699,0.0
chr17,19777919,19777947,0.0
chr19,5378107,5378136,0.0
chr6,102869072,102869098,0.0
chr4,146659947,146659965,0.0
chr18,55917633,55917659,1.0
chr8,7515895,7515926,0.0
chr21,25924241,25924259,1.0
chr16,30587289,30587309,0.0
chr6,116904330,116904353,0.0
chr2b,48500435,48500450,0.0
chr14,82577749,82577766,0.0
chr19,41008049,41008075,0.0
chr18,85943648,85943672,0.0
chr13,86949021,86949045,0.0
chr8,91199411,91199426,0.0
chr2a,48859524,48859543,0.0
chr8,69300445,69300458,0.733333333333
chr7,119424663,119424688,0.0
chr10,47710746,47710759,0.0
chr7,38606244,38606257,0.0
chr5,23189806,23189821,0.0
chr13,59360676,59360707,0.0
chr11,50151325,50151346,0.0
chr8,118655720,118655733,0.0
chr4,140539115,140539127,0.0
chr8,15885891,15885910,0.0
chr2b,8577425,8577446,0.0
chr4,56387212,56387227,0.0
chr11,48992309,48992335,0.0
chr4,49011086,49011103,0.0
chr11,95859417,95859433,0.0
chr12,61054397,61054410,0.0
chr6,105441318,105441333,0.0
chr1,92924355,92924371,0.0
chr9,67785901,67785913,0.0
chr15,46564493,46564512,0.0
chr4,129011254,129011272,0.0
chr1,61958026,61958043,0.0
chr13,105434058,105434072,0.0
chr15,43947338,43947357,0.0
chr12,24341182,24341202,0.0
chr5,85432425,85432440,0.0
chr10,96798391,96798406,0.0
chr10,77245350,77245364,0.25
chr15,61698595,61698615,0.0
chr5,169804043,169804055,0.0
chr14,107512197,107512213,0.0
chr12,67265050,67265065,0.0
chr3,167828048,167828074,0.0
chr1,113223207,113223238,0.0
chr3,173202750,173202767,0.0
chr18,65859998,65860014,0.5
chr3,48447618,48447642,0.0
chr8,110950778,110950793,0.0
chr4,190596175,190596202,0.5
chr5,40801406,40801422,0.0
chr11,129828838,129828854,0.0
chr1,40035463,40035475,0.0
chr18,54907028,54907049,0.0
chr8,126880548,126880563,0.0
chr7,122959494,122959510,0.0
chr16,15870903,15870929,0.0
chr5,88203245,88203258,0.0
chr12,25412470,25412487,0.0
chr5,111225674,111225695,0.0
chr7,107731663,107731689,0.0
chr15,23885385,23885402,0.0
chr5,59914531,59914557,0.0
chr6,129416861,129416886,0.0
chr18,39221314,39221331,0.428571428571
chr8,84261508,84261525,0.0
chr6,84534174,84534186,0.0
chr7,82346450,82346464,0.0
chr13,86934228,86934256,0.0
chr6,78070990,78071010,0.666666666667
chr1,80479681,80479711,0.0
chr9,114335852,114335879,0.0
chr12,99690558,99690578,0.666666666667
chr2b,105103545,105103570,0.0
chr4,127301318,127301335,0.0
chr9,22459987,22460007,0.0
chr5,79663242,79663255,0.0
chr14,62539798,62539814,0.0
chr4,74877616,74877636,0.0
chr12,17851692,17851709,0.0
chr2b,37887750,37887765,0.0
chr5,134539896,134539911,0.5
chr8,121856753,121856776,0.0
chr18,70125881,70125898,0.333333333333
chr21,20921347,20921361,0.533333333333
chr10,80489343,80489357,0.0
chr8,145530866,145530882,0.0
chr4,162126531,162126551,0.5
chr2a,14468691,14468710,0.0
chr1,83809986,83810002,0.0
chr14,26449774,26449789,0.533333333333
chr6,8836132,8836147,0.0
chr7,95706293,95706312,0.0
